ALASKA:189,307;147,249;94,256;47,292;14,210;50,141;113,117;165,144;162,222;182,227;198,282
ALBERTA:187,307;203,283;184,234;347,234;335,361;206,356
NORTH_WEST_TERRITORY:170,226;169,142;265,129;337,156;438,88;479,146;459,182;403,237
ONTARIO:347,236;405,239;447,300;455,388;340,356
QUEBEC:457,394;460,327;491,221;535,222;613,322;539,434;528,387
EASTERN_UNITED_STATES:532,427;442,590;425,560;323,572;306,526;338,461;371,366;455,397;528,388
WESTERN_UNITED_STATES:204,365;371,366;301,543;209,507;193,460
CENTRAL_AMERICA:201,507;243,612;349,724;371,694;364,597;320,612;304,545
VENEZUELA:410,799;343,755;354,724;408,668;493,689;569,726;515,758;489,738;427,760
PERU:342,755;315,819;416,931;459,948;518,989;545,986;496,882;447,845;399,841;405,801
BRAZIL:571,1050;535,1013;554,969;530,919;505,882;447,848;413,853;405,802;484,741;513,758;567,731;700,811;640,955;598,977
ARGENTINA:496,1250;462,1257;416,1179;410,1074;425,1033;413,931;516,989;569,1053;489,1123
GREENLAND:625,273;589,248;583,156;505,119;574,44;654,15;764,37;737,158;654,207
ICELAND:807,285;769,282;747,236;764,217;832,210;859,236;847,273
GREAT_BRITAIN:745,473;669,455;747,305;796,321;835,414;832,448
WESTERN_EUROPE:829,672;885,568;856,458;767,495;790,563;728,572;739,651
SOUTHERN_EUROPE:895,633;881,507;947,473;980,504;1007,458;1044,521;1000,646;942,567;935,631
NORTHERN_EUROPE:879,504;856,458;910,326;993,356;1029,405;1005,463;978,502;939,475
SCANDINAVIA:954,341;886,312;876,253;1000,142;1042,154;1044,266;985,276
UKRAINE:1042,526;993,316;1047,263;1044,148;1263,151;1266,363;1181,392;1190,553;1142,561;1103,500
NORTH_AFRICA:954,656;800,677;752,760;779,902;937,957;1025,879;1029,816;937,743
CONGO:929,957;981,947;1008,879;1108,943;1073,1023;1066,1058;952,1004
EGYPT:1029,806;942,745;961,694;1090,714;1117,784
EAST_AFRICA:1119,785;1030,806;1029,874;1102,943;1080,1018;1102,1092;1141,1045;1231,887;1164,877
SOUTH_AFRICA:981,1245;951,1004;1103,1091;1146,1047;1151,1096;1044,1243
MADAGASCAR:1173,1225;1166,1177;1181,1111;1254,1052;1266,1092;1200,1221
MIDDLE_EAST:1181,845;1086,716;1098,634;1019,628;1034,567;1234,561;1285,585;1309,680;1292,746;1251,824
INDIA:1408,865;1310,684;1286,577;1373,539;1393,595;1505,648
AFGHANISTAN:1236,567;1192,463;1181,390;1280,365;1380,441;1370,539,1285,578
URAL:1271,360;1268,88;1332,176;1412,394;1381,443
SIBERIA:1465,438;1412,406;1307,107;1431,29;1512,75;1515,143;1482,161;1510,245;1504,306;1471,297;1448,363
YAKUTSK:1510,234;1488,158;1521,139;1517,75;1661,90;1649,180;1607,173;1587,209
KAMCHATKA:1676,419;1647,380;1655,322;1615,307;1582,215;1613,174;1648,181;1671,86;1759,90;1862,144;1816,163;1769,316;1741,288;1750,204;1662,236;1658,275;1685,285;1706,382
IRKUTSK:1645,380;1602,335;1584,335;1574,380;1450,366;1475,300;1499,308;1512,240;1580,222;1602,315;1628,312;1653,330
MONGOLIA:1468,441;1512,502;1636,512;1683,511;1699,487;1677,426;1609,338;1587,341;1575,380;1465,377
CHINA:1610,689;1390,600;1373,546;1409,404;1507,499;1639,517;1668,587;1641,656
JAPAN:1717,550;1694,531;1751,427;1755,332;1812,348;1800,465
SIAM:1561,838;1482,704;1504,656;1605,690;1624,789
INDONESIA:1636,1028;1553,1026;1463,891;1478,884;1543,931;1602,868;1670,914;1656,989
NEW_GUINEA:1814,958;1716,933;1656,852;1682,829;1743,838;1811,904
WESTERN_AUSTRALIA:1780,1225;1789,1121;1712,1114;1700,1001;1568,1104;1597,1232;1709,1196
EASTERN_AUSTRALIA:1785,1238;1785,1120;1712,1109;1699,1001;1811,984;1868,1081;1892,1174;1860,1245;1819,1259